i,d,O,u,t,c,o,m,e,_,M,1,O,u,t,c,o,m,e,_,M,2,O,u,t,c,o,m,e,_,M,3,O,u,t,c,o,m,e,_,M,4,O,u,t,c,o,m,e,_,M,5,O,u,t,c,o,m,e,_,M,6,O,u,t,c,o,m,e,_,M,7,O,u,t,c,o,m,e,_,M,8,O,u,t,c,o,m,e,_,M,9,O,u,t,c,o,m,e,_,M,1,0,O,u,t,c,o,m,e,_,M,1,1,O,u,t,c,o,m,e,_,M,1,2
19498,5980.3,8124.7,3502,3504.8,2226,1878,1236,1281.9,1164,1156.7,1248.8
12761,8793.7,2810.3,2661.8,2143,1211.5,1777,1802.5,2038.7,666.49,648.04,586.39
89356,71707,17144,12771,10599,6047.8,2958.4,5021.7,2608,3038.7,2804.8,1622.2
32587,31947,7180.2,6609.4,4755.6,2653.6,1813.5,2415.5,2987.3,2051.2,1821.4,1807.4
15629,4684.2,3025.5,1987.7,1958.1,1125.9,1192.9,840.45,778.99,709.46,666.84,597.74
28178,7944.7,2867.4,2381.8,2003.5,1224.4,1066.4,711.93,1651.2,1753.5,716.12,766.64
8912.7,5640.3,1977.8,1280.8,1292.7,910.92,808.29,863.11,810.45,712.14,716.82,640.79
11177,4172.3,3166.7,2061.8,2642.2,1879.1,1829.2,850.44,777.4,727.55,592.77,1744.6
12171,6837.5,2687.1,2349.2,2226.2,1389.2,1264.9,900.86,1025.7,669.36,793.06,748.56
8794.6,5439.7,2784.8,1949.2,2065.3,1235.8,1183.2,863.33,868.97,830.63,671.06,654.38
15755,8596.3,3335.1,2807.9,2167.8,1440.6,1412.8,1149.6,1079.8,948.9,857.7,748.08
16462,9666.7,3615.3,2900.2,3219.8,1811,1383.5,1096.1,922.2,750.36,692.65,669.75
11334,5745.7,3427.3,2164.7,1631,1136.1,1138.5,913.05,1003.9,725.21,728.47,683.43
6286.2,5280.2,3006.2,2162.2,1888.1,1766.6,1710.8,702.38,1653.5,1481.4,682.19,624.78
11277,6454.1,3084.4,2438.2,2201.5,1837.6,1241.6,1038.6,979.63,759.83,700.5,899.62
13531,5290.9,4110.5,2712.1,2281.7,2711.3,2090.9,1252.9,1827.4,1257.5,655.92,635.1
14280,6515.7,2925.3,2394.1,1761.6,963.68,1856.7,1410.6,987.91,1230.3,860.56,749.28
8886.3,5468.5,2317.5,1604.3,2168.1,963.06,974.24,768.66,760.59,649.89,562.64,556.07
18647,10285,6060.2,2761.1,2288,2164.8,1910.6,1911.6,1760.4,1567.7,1823.4,1702.3
9568.3,4470.9,1967.2,1748.4,1355.5,1090.1,1020.2,766.29,745.41,674.31,1089.5,593.8
16238,8008.1,3961.3,3557.1,2429.3,1446.8,2114.2,3313.8,803.28,1632.9,645.09,664.9
9243.3,5343.4,2704.8,1922.4,2101.3,1289.6,1783.6,934.49,862.61,821.43,675.58,649.59
15418,7603.6,2913.7,2420.8,2354.8,1358.1,1377.5,982.26,978.26,882.22,753.46,695.61
16002,7311.1,2689.1,2769.8,2395.3,1892.4,1363.6,1306.4,1268.9,823.84,744.32,710.07
15683,8023.3,3876.7,2815.2,2500.4,1335.1,1762.4,1157.9,1074.9,907.64,794.09,740.82
7353.2,3826.8,2411.2,1647.7,1498.9,1050,1019.2,728.4,751.06,561.65,555.72,583.22
13350,9525.3,3904.8,3771,5634.9,2066.2,1739.8,1653.5,1136,972.14,1404,730.36
17188,6471.1,4960.6,10678,3901.7,4095.2,2710.8,2273.8,2056.3,1859.7,549.44,567.27
10556,5644.1,3587.8,4260.6,2596.7,1853.3,1238.6,1010.3,921.42,811.72,735.5,661.93
10646,6172.9,2450.9,1855.3,1782.7,1842.1,1256.8,964.33,1489.4,715.95,779.36,636.84
39922,9919.7,4989.8,3142.4,4160.2,10151,2359.2,1960.3,1632.9,669.65,580.69,550.47
17144,6193.1,3060.8,2783.1,2350.2,1868.1,1722.3,1690,851.31,1036.1,738.48,769.33
4162,2629.6,1123,951.37,880.07,695.93,758.94,548.47,814.82,571.05,535.56,599.66
6354.7,8805,5748.3,4560.2,3321.9,2898.2,2865.1,2039.2,1437.3,1678.3,1071.5,1112.4
56266,13332,10220,8487.2,2476.7,2477.2,2021.8,1837.9,1912.5,2247.1,2310.7,1732.1
67682,16523,8198.4,6111.2,3576.2,2426,2459.3,2482.7,4470.2,4032.1,2066.8,2480.9
85780,24142,9809.8,15719,36213,8251.2,5481.5,2381.6,1780.4,918.83,1516.8,1209.8
20509,14508,12262,6006.5,3743.9,2807.5,2229.2,1803.2,2301.6,2093.2,2494,1891.8
43997,15436,7585.4,5133.1,3263.2,2303.3,2369.3,2331.2,3702.8,3220,1994,2181.8
8770.1,5361.6,2380.7,1626.4,1517.5,1046.4,1059.7,814.92,841.07,586.4,587.21,561.68
22540,7348.3,3537.9,2622.6,2396.1,1865,2253.8,837.04,1637.9,1724.7,778.55,752.95
10598,6878.5,3173.2,4818.7,2363.1,1920.8,2022.2,1928.9,1414.4,1332.7,1528.5,1248.2
10774,6168.4,2175,1746.8,1191.7,859.06,917.36,828.27,831.81,776.75,667.13,651.6
12267,7137.7,3190,2385.9,1548.7,1154.6,1815.7,1043.3,1024.1,1658.6,767.29,760.56
10851,5798.9,2716.5,2279.9,2179,1987.3,1165.1,960.89,1508.1,2059.8,1549.4,1466.9
14076,10486,3157.8,2471.6,2217.7,953.01,1001.1,825.82,784.06,696.45,1510.2,579.04
14204,6235.2,2584.1,1992.3,1504.7,1161.7,1216.5,786.64,1271.3,2109.3,1108.2,1438.2
11853,5540.4,3163.2,2580.5,1715.5,1938.7,1761.9,995.91,884.16,792.92,745.04,689.68
19051,13131,16858,16850,5578.3,4945.8,3917.5,3475.8,2682,3290.3,3186.5,1844.8
41929,9523.2,4712.5,3188.6,4260.9,9975.3,2347.7,1964.9,1602.2,638.02,681.41,603.42
64625,21345,14748,4805,4959.2,2623.4,2650.7,2662.7,2476.2,1846.9,2412,3437.3
26331,13875,5476.2,3898.9,1984.4,1941.8,1926.7,847.36,1163.2,2245.5,717.65,644.7
50417,19375,8565.9,8254.2,20710,5391.1,3288.4,2097.8,1474.3,902.36,1055.9,714.62
4525.2,2213.4,1691.7,883.89,739.2,674.47,644.23,606.26,665.93,535.49,556.48,581.63
12949,5868.9,3299.6,2520.9,2352.6,1938.4,1789.4,939.81,967.53,861.8,743.19,689.81
9479.6,5252.2,3303.8,2439.7,2099.3,1736.9,1439.3,1251.9,879.11,836.78,613.22,668.39
16354,8644.4,3695.6,2975.5,2549.8,1452.6,1637.7,1069.1,1103.5,1668.2,859.31,810.31
5211.5,2937.5,1321.6,2175.5,999.04,635.81,668.64,742.78,695.64,651.29,544.41,551.29
5979,4435.3,1339.8,1334.3,1010,958.74,807.6,967.39,926.14,689.08,647.15,626.51
3104,2174.4,1167.1,1292.9,729.26,690.82,576.57,570.57,665.44,519.05,530.83,557.86
7929.6,4339.6,2354.6,2120.7,1474.9,1115.7,1124.5,1154.7,721.17,573.77,561.13,549.13
8733.9,4667.9,2419.1,1933.7,2128.7,1226.8,1143.6,922.85,851.72,699.08,728.29,651.72
12693,5956,2725.2,2364.2,1550.3,1742,2143.1,1226.8,1183.2,990.37,1911.6,1797.6
11151,5144.7,2651.1,2092.5,1629.5,1189.9,1117.7,1002.4,1014.4,783,731.89,661.13
11121,6745.8,2336.9,2114.2,1905,1903.2,587.94,677.56,1368.2,1914.9,587.8,574.12
20110,12335,12570,6071.8,4297.9,3991.1,2511.6,2363.5,3128.9,3277.2,2333.7,1936.2
8901.3,5219,2016.5,1897.5,2167.6,1001.6,1072.7,760.08,813.39,629.56,580.45,553.02
20191,13485,6042,4677.4,2844.5,2764.8,2214.4,2442.7,2157.9,1939.4,1881.6,1705.6
7912.8,5123.9,2828.3,1884,1418,1106.6,1067.3,766.58,1971,1263.4,1698.9,571.92
10474,6694.2,2630.6,2335.1,2124.4,852.72,1001.4,1001.1,876.34,854.49,686.17,676.18
7788.3,5624.8,2217.6,2013.8,1754.3,957.41,1093.9,769.22,739.84,591.21,637.65,600.53
40885,14221,6080.9,4919.4,5247.1,3213.6,2253.1,2050,1668.7,2480.6,2488,2437.5
15409,12021,3228.7,2596.4,2018.5,1373.5,1436,1072.5,1019.8,871.24,840.69,797.5
18090,11755,5896.7,3934.6,4006.7,2001.8,1668.4,719.81,895.56,1927.6,1630.1,732.2
14236,7980.7,3228.1,1925.1,2486.6,1983.8,1723.3,1806.1,968.96,740.94,732.98,656.39
25056,27164,12365,7754.6,5138.6,3483.7,2164.6,3096.5,2626.4,2886,2222.5,2044.6
38239,11560,5912.3,4537.3,3291.4,2523.4,1950.7,1799.5,1750.2,2553.4,687.18,602.23
14875,6882,2925.6,2547.7,1387.7,1074.4,1429,1808.4,1510.2,645.83,1896.9,1908.3
10367,4563.6,2679,2457.3,2005.7,1303.1,1246.1,1036.1,724.22,684.9,605.68,541.2
9452.9,6927.6,4084.1,2995.4,2301.6,1456.4,1053.9,1411.8,1442.1,1224.7,621.14,664.15
29930,10806,4662.4,3013.5,1539.1,2193.9,1885.9,1161.6,1291,1971.8,1046.7,1384.8
10766,7121.9,11328,4133.1,5584.4,4559.9,1995.7,1945.4,1823,936.78,570.35,540.91
8354.1,3966,1877.2,1587,1356.4,1025.7,1120.5,746.75,712.95,631.58,605.74,565.4
11942,6410,2897.3,2213.4,1769.5,1376.1,1313.6,972.97,972.77,801.67,717.82,716.53
4132,2641.6,1090.6,951.37,862.24,685.93,757.89,548.06,802.82,571.05,535.56,599.41
11153,6158.1,2270.7,1899.1,1904.6,944.58,1045.8,796.09,934.27,758.75,770.15,682.8
13604,5887.1,2811.6,2067.1,1644.4,1966,1488.2,779.99,843.74,1760.9,2120.2,624.4
14214,7547.9,2895.5,1606.6,1472.9,1129.7,1814.6,1166.1,849.24,688.13,646.1,607.97
13938,8854.8,3986.3,2691.2,3992.8,2460.8,2411.9,1704.9,1552.9,1717.2,1707.9,1703.3
8189.3,5111.5,2850.9,2417.6,2099,1755.8,1666,848.12,813.36,586.69,540.41,548.41
13124,6042.8,3378.7,2891.5,2153.9,1807.3,1782.6,886.33,975.96,731.97,742.25,600.31
15827,14260,5067.5,3126.3,2962,2008,1880.6,1798.4,1755.4,1821.3,1781.7,1719.5
11379,6022.4,2345.3,2280.2,1714.7,1367.9,1169.6,1060.7,899.45,1601,792.12,647.28
11643,4985.6,3371.5,2598.7,1812.3,1245.1,1109.6,956.31,869.61,738.41,787.91,732.35
10977,5543.7,2896,1921.2,1788.5,1375,1210.6,898.92,1005.3,764.11,733.33,749.81
5683,5528.2,1612,1627.7,1113.1,861.38,859.87,760.87,767.27,766.29,617.79,576.1
7183.3,4643.7,1757.5,1259.1,1369.1,1022.3,1138.8,811.22,806.98,758.14,751.6,720.79
4018.4,3745.7,840.18,1055.9,774.2,581.45,625.21,604.66,702.92,603.86,576.94,569.19
4748.2,3628.4,1554.1,1370.8,1075.1,926.59,891.78,803.53,764.43,686.4,619.14,677.8
4442.1,3488.4,1122.7,741.72,777.42,642.51,683.02,592.77,758.47,610.18,592.44,549.25
10498,7533.9,2814.9,2378.3,1729.5,1072,1757.7,1944.7,956.62,702.29,1567.6,656.4
8699.7,4223.5,2691.5,2507.3,1771.6,1491.1,1390.7,1200.1,724.22,644.62,605.68,562.52
14785,10024,2809.5,2638.1,2182,1504.4,1826,1774.6,2160.5,658.74,708.19,644.24
10794,6882.9,2761.3,2142.3,1692.1,1324.2,1195.7,997.1,967.74,741.23,687.29,648.46
4324,3281,2451,2054.9,1261.8,747.36,743.84,593.9,622.87,572.91,638.68,604.49
8593.8,4606.7,1911.4,1581.2,1396.4,1416.9,1280.4,713.78,795.36,687.95,621.13,563.32
15537,18326,4935.1,4239.5,2713.3,1805.6,1877.5,1761.3,1568.6,1696.1,869.39,1464
21273,5892.9,6525.4,16710,4533.9,3942.8,2465.2,2522.5,2073.8,1946.2,515.07,570.55
9687.1,5572,2344.6,3022.4,2741.9,1879.2,1801.8,845.51,921.4,1768.4,1678.7,718.34
14360,7682.6,3155.4,2879.2,2206.5,1368.3,1416.3,1060.7,1066.1,878.61,872.72,773.67
16137,7701.1,2853.2,2359.7,1300.6,907.16,1856.6,776.15,820.65,745.7,726.95,627.74
14467,7359.4,3301.5,2640.2,2014.7,1450,1482.7,1027.9,998.8,876.06,745.2,645.25
9795.1,5734.3,3054.2,4534.5,2209.6,1474.9,1018.7,1931.7,823.89,644.03,656.52,586.56
22277,11938,5375.4,2762.3,2422.7,2401.4,1869.8,1834.1,1809.7,3419.1,796.14,720.57
20820,20059,6156.2,3578.7,2427.3,2030.2,1941.8,2057,1908.8,1886.3,1848.8,1541.4
12028,6709.3,3174.8,2641.1,1637.6,1058.6,1119.1,1077.4,966.34,952.87,830.52,742.51
6883.9,4697.7,2912.3,1205.6,1015.6,953.29,1003,984.14,820.25,672.26,743.59,681.43
46726,30453,10549,8035.6,6105.2,3625.3,3055.2,3644.9,4760.3,3844.1,2268,2454.2
4434.5,10311,6648.3,2696.2,2085.3,1594.3,1594.3,1129.5,1180.4,504.92,945.76,823.34
7861.9,4743.4,1908.2,1559.7,1329.7,1312.8,1493.1,702.95,981.08,609.34,552.8,528.98
16763,14384,3656.5,3114.9,4249.8,2218.4,2365.6,2450.9,1840.5,2057.3,1200,1843.6
31247,11907,9681.5,4070,3937.2,2402.8,1948.3,1649.5,1555,1525.9,1461,1611.9
9972.3,6307.7,3551.5,2337.7,1767.3,1221.2,1155.9,926.64,779.42,650.87,544.42,921.33
4222.4,3811.3,1047.2,824.69,695.53,1324.9,933.44,614.95,1394.8,560.22,562.41,517.87
13013,8120.1,3802.7,2944.5,2433.6,1955.1,1850.6,1729.2,841.15,874.95,849.35,692.56
15544,8325.4,3711.2,2922.9,2563.4,1944.5,1401.1,1061,1063.6,957.9,1429.1,800.15
31793,11500,3279.7,2229.8,1981.7,2277.5,1929.1,2068.4,1197.1,1851.6,2365.4,1800.7
10508,6828.7,3088.1,2088.9,1979.7,1896.6,1777,2647.5,1863,1385.2,1795,2168.2
5979.2,4007.2,1991.4,1245.9,1031.9,853.57,822.17,836.01,756.1,1590.9,667.35,627.25
4303.7,6556.6,789.5,1504.1,1511.1,753.87,822.85,1341.8,695.03,712.05,1809.1,1058.9
81521,18769,8239.8,14410,30399,6713.9,4751.3,2071,1778.7,1169,1347.7,1048.4
19730,13203,11618,3461,2295.9,2135.5,1897.9,2182.1,1770.8,1810.7,942.92,1643.1
12882,6220.7,2966.7,2364.4,2231.8,1890.1,1385.4,1304.4,1717.4,1725.9,1764.1,2538.6
7446.5,3898.1,1979.3,1713.8,1488,900.69,1027.7,744.04,693.13,601.74,637.2,530.23
9396.5,5341,2611.2,1786.3,2409.6,1748.4,1557.8,1650.9,1367,865.98,602.15,553.3
2.4905e+05,1.5387e+05,36732,32535,22574,10001,7239.4,10549,12223,8311.8,7098.8,5392.2
36266,8909.7,4780.6,3110.9,3943.5,9484.4,2160,1880.5,1569.8,636.02,573.1,534.97
13088,6207.4,3339.1,2546.7,2374,1947.2,1824.7,851.98,1836.6,2212.3,1655.9,1462.8
18353,6212.7,3048.2,1821.1,2148.4,1259.7,1051.5,1290.9,766.75,1215.3,2120.2,1781.3
28315,17215,5788.2,2507.7,2165.5,2195.7,2033.3,2104.1,1799.7,1425.7,1923.4,1809.5
11520,5698.2,4603.2,6458.5,2918.2,2618,2030.9,1974.3,1529.1,1537.1,562.77,554.68
8339.7,4457.5,1873.8,2113.2,1710.4,1058.7,1052.2,737.27,812.09,614.17,633.69,586.84
17845,6491.9,3213.3,2391,2711.8,2010,1947.4,1292.8,951.97,924.32,663.03,1817.6
10073,7718.8,6659.9,3533.2,2830.4,2834.5,2234.5,2023.5,2079.3,1965,1143.9,735.44
11592,9724.2,3496.8,2513.3,2087.7,1804.9,1159.5,879.55,843.18,739.21,1312.9,1474.9
11949,8588,4691,2673.2,2095.5,2247.7,1599.2,916.1,1216,757.53,559.23,628.61
4534.7,3949.2,895.44,894.13,624.42,1199.4,566.07,601.28,731.46,543.67,549.53,511.26
17225,11334,13612,4274.8,3638.1,2357.2,1948.2,1794.7,1580.6,822.44,978.16,1677
4454.2,2993.6,1595.6,878.64,922.08,711.82,737.64,693.89,826.22,606.97,647.09,561.61
18340,9474,5077.2,3116.2,2925.8,2305,1990.7,1894.2,1987.6,1731.2,1735.3,1658.5
69290,76421,11409,7784.1,6888.6,4891.6,2545.1,2744.6,5746.2,3996.2,2090.1,1944.4
8318,4050.6,2495.2,2959,2868,1463.8,1396.6,1035.8,670.29,574.04,562.71,552.82
11919,5360.7,1941.4,2145.1,1371.4,985.04,1825.5,722.09,1161.9,1081.8,1140.8,586.25
13014,5845.4,4104,6632.3,3680.7,2789,1954.9,2104.3,1686.8,1780.5,607.81,562.22
13773,7266.6,3169.5,2697.2,4115,2091.8,1459.1,1200.2,911.35,833.16,715.84,637.72
11758,6910.8,3373.5,2525.3,1619.8,1195.2,1037.7,959.91,1013.4,854.16,838.39,697.8
10295,6052.9,2251.6,1757.2,1140.8,915.18,997.25,855.42,860.31,715.51,738.38,675.76
7582.9,5532.6,2451.6,2202,1510.3,1031.6,968.18,745.72,715.77,662.1,596.73,576.32
46944,15136,15399,6755.2,2641.6,2170,2588.5,1903.6,2200.6,2134.1,2084.4,1676
8537.5,4547.1,2379.6,2291.3,1497.3,1046.8,1100,857.6,987.98,779.36,550.51,542.83
9682.9,6259.3,3020,1924.7,1803.1,1183.3,1102.3,905.14,782,690.89,674.99,641.88
9600,5264.2,2342.4,1971.5,1689.6,1137.1,1150.9,883.68,892.91,756.48,685.39,609.45
10919,5415.5,3225.5,2506.1,1727.7,1203.5,1191,855.19,980.02,778.67,704.73,675.34
13504,7848.4,2832.4,2557.3,2026.6,1156.5,1266,892.38,891.89,715.83,719.53,645.5
11337,4441.5,3031.2,2209,3145.2,5075.2,1915,1641.6,896.26,689.67,577.52,618.97
9587.3,7484.5,5917.2,4070.5,2380.2,1443.1,1088.1,1290.6,839.21,880.47,740.05,674.45
42475,13091,7096.8,5131.3,4737.4,3917.4,1930.5,1885.9,1899.5,2805.4,627.58,570.65
12108,8542,6519.1,2831.1,2243.3,2030,1582.5,900.41,1487.2,776.86,606.28,637.79
7878.2,5220,2613.4,2347.3,1904.1,1249.8,1156.5,723.73,685.69,575.32,739.36,535.27
17671,6620.2,3896.7,2753.7,3054.9,2838,3750.7,1921.5,2189.4,2017.8,1018.2,765.08
11512,6606.7,3083.1,2523.3,1913.5,1186.7,1085.2,929.52,947.97,731.18,698.39,702.52
7053.5,4017.9,2059.3,1897,1720,2173.8,2371.5,1739.7,867,809.62,700.85,712.17
40173,27417,7230.6,5338.3,9437.6,2360.5,3338.7,7933.8,2437.4,2944.1,4383.6,6026.8
4018.4,3747.7,852.18,1027.9,774.2,581.45,625.21,612.16,702.92,603.86,576.94,569.19
11560,7730.6,2458.4,2469.5,1989.9,1981.4,3127.9,2102,2157.6,4690.5,1828.2,2303.8
13751,7187.9,2566.7,2172.9,1526.8,1310.2,1141.5,917.69,943.98,900.39,964.75,738.86
11799,6717.4,7319.4,3704.6,2852.5,2212.4,1796.5,2460.2,2203.2,1177,1150.5,1097.7
13404,6875.4,4866.1,3719.5,2396.2,1375.2,2074.5,2200.4,801.81,1144.6,554.04,565.61
13642,5077.6,2192.6,2420.6,2192.8,1903.7,1087.9,1095.6,989.78,663.74,626.63,661.24
11845,7628.6,3564.6,2467.7,1879.7,1837.3,1404.2,1366,1231.9,1060.6,832.44,811.3
7240.4,4853.1,2633.9,1936.2,1434.1,1019.2,957.74,715.06,750.01,613.35,581.37,554.33
32803,11539,3263.7,2404.4,2133.2,2542.3,1988.9,1951.7,1438.4,1875.4,2449.4,1829.3
9263.2,4955.4,2040.5,1789.6,2096.7,1740.4,1149.8,860.01,875.73,635.78,558.9,561.46
67383,21197,9036.6,9677,26056,8812.5,4120.9,2594.7,1812.4,1306.6,1486,955.04
17957,7286.8,2925.7,2653.7,1717.7,1114.1,1385.5,1925.1,1381.2,795.24,1966.7,1931.3
64323,68788,11281,7467,6819.5,4696.6,2545.1,2646,5404.3,3648.3,2036.5,1900.1
18861,5140.4,3806.3,2927,1728.8,1412.5,1851.1,1119.5,1993.6,1792.3,900.69,806.93
20021,8061.7,4114.6,2816.9,2356.9,3672.6,1885.5,1711.8,1817.4,1540.4,1822.6,1629.7
12240,8986.7,3182.9,2023.9,2234.5,1194.2,926.65,909.51,879.27,825.51,1745.7,703.93
8328.4,3966,1877.2,1587,1351.4,1025.7,1096.5,746.75,712.95,631.58,605.74,565.4
4547.7,3740.3,991.86,859.28,599.92,971.52,566.07,591.53,705.32,513.67,549.53,511.26
9927.1,7256.5,3093.4,2467.7,1754.9,1731.4,1156.5,863.7,878.68,749.47,714.61,614.35
12168,5026.6,2881.8,2139,2779.3,1499.1,1967.6,920.08,1809.1,773.24,749.4,825.91
4291.9,2260.2,1770.6,1034.9,560.95,729.46,653.34,671.62,740.89,559.77,568.13,616.71
12070,7554.1,11543,3317.8,5142.8,3399,1997.7,1988.9,1843.9,1303.8,670,615.93
22301,6800.7,2820.5,2071.4,2037.2,1826,2459,1937.7,950.92,867.21,1088.5,1881.2
54186,16199,11564,4526.3,4086.7,2384.7,2051.4,1566.1,1793.4,1643.1,2129.1,2465.3
7754.8,4082.3,2632,2313.4,1586,1087,1042.8,703.78,667.44,592.97,635.97,580.45
7435.8,5672.5,4171.2,2462.6,1985.1,1049.8,1007.1,1270.2,1068.9,901.97,547.85,540.48
10090,6542.5,3190.3,1994.3,1731.6,1911.4,1138.3,1036.1,936.18,713.39,759.19,730.12
42030,18216,36885,11985,20153,13516,7785.9,5933.4,7201,3556.1,2080.5,1454
5717.4,6272.4,2566.9,2232,1329,869.47,922.59,756.7,811.2,740.12,656.5,645.6
4717.6,2435.6,1014,898.2,886.25,680.17,601.93,647.86,657.19,612.73,533.54,545.69
8412,4983.4,2104.6,1762.8,1452.3,960.19,1064.1,727.49,773.16,571.26,644.76,588.25
9858.5,4363.7,3195.5,1648.5,1464.2,1117.2,1155.6,1343,1364.9,628.21,587.96,588.68
15125,8467.2,3965.3,2787.6,2187.8,1464.3,1422.7,1020.6,1057.2,969.62,864.91,808.08
16195,8136.8,3428.3,2734.1,2305.2,2031.2,1915.8,837.29,907.35,2069,1100.9,696.75
24829,16915,6240.9,4204.9,3669.6,2059.7,1907.3,5378.2,2225.1,2269.4,2436,2253.9
21572,7871.9,5950.7,4158,2770.5,2048.4,1891.1,1067.3,1394.4,2148.6,1110.7,1444.2
13067,7000.8,3328.7,2349.5,1855.5,1300.6,1123.1,941.78,953.82,1269.2,1204.3,567.79
17858,10752,6601.5,2555.2,2571.7,1972.8,2502.2,3721.3,2778.4,2573,2441.3,1158.7
12102,6482.5,2699.9,2014.1,1920.3,1232.2,1171.1,938.06,888.36,822.56,752.92,634.16
8968.3,6241.8,2805.3,2586.4,1944.8,1211.4,1010,1567.7,997.95,846.82,851.18,756.06
11789,8890.5,3120.4,2064.6,2047,2328.8,5670.7,1917.6,1819.4,1588.9,1900.7,1915.9
7924.6,4878,2199.4,1949.8,1566.9,986.01,994.04,792.09,778.64,667.71,613.6,586.14
6615.6,6220.3,2366.7,2192.5,2032.3,1032.9,1079.9,1613.4,776.69,639.53,566.39,600.11
11304,6623.6,2583,2208.1,883.12,1690.3,2473.9,1692.5,1715,1902.1,1662.2,641.09
10156,6345.1,2481,2074.1,2025.6,1256.1,1173.4,989,881.59,811.62,684.74,732.25
11310,5397,3096.4,1976.6,1759.1,1303.3,1832.5,910.53,884.83,764.45,690.04,716.07
16591,9040.7,10779,4664.3,3887.6,3015.7,2472.1,2046.9,2948.7,1913.4,1911.4,1697.5
7493.4,4617.9,2719.8,1518.9,1114.2,1020.4,828.97,761.55,807.4,1480.6,711.9,635.82
6879.4,13798,5290.8,4284.6,2798.7,1855.5,1737,1734.8,1684.1,1754.7,746.16,690.27
10481,5277.2,3267.9,2499.8,2169.5,1167,1399.4,1145,830.69,881.03,561.16,642.63
13942,6468.7,3211.2,2583.9,1805.2,1894.3,1816.2,1672.3,1654.1,1660.8,1630.8,699.36
9401.3,6283.1,2461,1860.1,1719.7,1212.8,1155.3,865.28,841.26,692.76,670.82,648.03
19929,19122,5613.2,3154.8,2327.2,2169.9,1930.4,1959.5,1886.1,1251.4,1298.2,1232.6
9420.7,6733.9,3195.1,2434.4,2231.7,1021.4,1034.2,859.43,791.72,680.81,619.62,621.97
17804,7882.2,2971.3,2407.7,1349.8,900.96,1876.6,776.15,866.61,823.08,726.95,723.62
9402.9,4134.7,1949.9,1623.5,1369.6,1053,1755.6,943.11,888.77,848.22,849.29,703.7
7200.7,4638.5,1879,1566.6,1425,975.93,1015.9,683.92,655.03,566.01,556.45,556.85
21575,6699.7,2810.4,1739.7,1789.3,1508.8,2422.4,1848.3,905.32,697.23,1280.1,1805.9
19136,9935.3,3322,1557.6,1510.7,1159.7,1884.7,1407.2,888.32,732.3,675.66,729.9
51410,15873,6669.5,4717.8,4442.1,2641.5,3810.1,2789.9,2268.1,2104.6,2002.7,1916.8
15651,7603.6,3027.2,2446.2,2354.8,1379.2,1377.5,972.97,978.26,876.52,753.46,695.61
10400,5930.7,3474.4,2212.5,1916.3,1332.9,1136.7,955.85,1095.2,714.86,735.43,669.62
9732.9,5597.3,1828.4,1612.3,1565,1089.3,1791.2,1266,722.1,679.6,596.25,609.24
7148.9,4244.1,2318.3,2149.2,1484.3,1209.6,1116.6,1250,650.4,573.77,566.68,539.49
26438,17614,7146,2916.6,2718.5,1859.9,2713,6197.1,1749,2275.5,2315.7,1617.3
10527,4754.5,2253.2,1714.1,1340.9,1092.3,1035,766.29,741.95,738.14,1387.1,609.98
14935,4545.3,3389.6,2541.8,3843.6,1587,1062.5,856.59,1825.8,1821.7,695.27,721.83
9454.4,4243.8,2129.8,2383.5,1327.2,952.94,993.6,717.91,719.95,1466.1,561.5,619.21
10630,4785.7,4223.1,3045.8,1749.8,1486.2,1813.6,1303,1662.2,1204.2,1530.3,1160.7
11184,5605.5,2357.2,2086.3,1659.7,1239.3,2140,2108,964.97,805.97,805.47,708.8
28909,14723,4172.2,2779.1,2544.9,2092.7,1881.8,1925.2,1045.8,1939.5,2160.4,1770.4
8829.8,9587.6,2762.9,2334,2138.7,1852.3,1904.9,1119.8,974.57,596.66,1093.8,2623.9
11084,4702.1,1859.7,1604.6,1423.9,1325,2131.8,753.4,1171.1,654.96,1820.9,618.44
76285,14224,7033,5572.7,3332.2,2629,5538.4,2501.9,2438.9,2519.1,2202.6,2030.4
1.3994e+05,1.4749e+05,39162,26595,22853,9725.8,5826.3,9119.2,11831,8001.3,7285.3,6187.2
9492.2,4966.7,2179.2,1843,2100.5,1756.9,1124.2,855.29,870.65,647.78,576.9,561.46
7720.1,5346.5,1910.7,1640.6,1443,975.93,1029.7,704.64,706.56,566.01,561.52,566.49
18330,36452,16644,7884.3,5180,3872.8,2604.7,1987,2016.1,1890.3,1778.7,1926.7
10467,5492.9,2340.2,2561.1,1770.4,1266.1,1247.7,918.17,866.52,665.59,654.84,602.26
14516,6241.7,3175.5,2379.8,1850.3,1394.4,1755.7,1096.9,980.4,836.36,655.62,745.62
15788,6711.3,4489.9,2029.8,2392.5,1416.4,1397.1,1719.5,823.67,654,640.79,629.95
8019.9,4512.1,2621.2,2346.5,1483.8,960.15,1461.3,688.61,698.23,552.34,747.49,540.72
23448,6503.3,3053.7,2074.5,2215.3,1422.4,1051.1,1426.9,766.75,1352.1,2178.2,1784.7
11701,9232.7,12986,3626.3,5539.8,4780,2745.3,2654.7,2746.1,1929.7,946.59,809.57
51348,18939,5486.4,3169.1,2444.2,2623.4,1977.8,1891.2,2118.8,2134.5,2821.4,1200.9
12059,5131.9,2890.4,1927.9,1672.8,1224.9,1842.6,841.12,872.47,816.44,711.7,663.75
9051.2,5701.2,3067.5,2531,1768.1,1414.4,1093.6,817.68,853.37,707.1,676.04,656.2
7970.1,4170.5,2661.7,2304.4,1568,1087,1069.1,703.78,667.44,592.97,635.97,580.45
7497.8,4520.8,2373.4,1817.3,1405.1,807.7,854.76,832.95,822.36,784.41,768.46,657.64
10666,5009,2632.2,2476.8,1656.1,1130.4,1134.3,966.96,951.91,720.31,655,622.87
3.8713e+05,1.5959e+05,40732,37681,27475,14416,10862,11326,5935.3,5660.4,4868.2,2560.6
20656,24164,6461.3,4728.4,3793.2,2082.5,1962.3,2033.7,1755.8,1825,1703.2,794.01
8555.4,4824.1,2625.2,2339.9,1910.6,982.69,1123.8,687.64,685.69,554.38,1262,538.6
5197.7,2979.6,2067.2,1302,1174.3,1035.8,772.83,771.44,848.73,744.66,664.62,673.84
10252,5150.6,3070,1646.7,1557.8,1949.8,1853.5,832.72,1403.8,1309.6,646.78,1278.8
15305,3000,2509.5,3563.4,1994.8,1839.3,1904.4,1812.6,687.33,1381.4,554.77,1602.9
65230,71909,15517,7897.9,7890.9,4456.2,2907.9,2894.1,4117.7,2872.4,2226.6,1913
8336.4,4457.5,1873.8,2032.6,1693.7,1070.7,1082.2,769.77,812.09,614.17,633.69,586.84
45971,9954.7,7689,6214.1,5607,12757,2871.3,1951.7,1230.5,559.84,629.36,614.19
10242,6835.8,9610.3,3724.2,5034.1,4176.6,1899.2,1950.7,1747.5,803.33,570.35,540.91
76980,27630,29807,6773.8,5075.5,3446.4,2139.1,3663,3584.7,2728.5,1874.6,2420.7
14056,11091,11210,3634.4,2619.7,1750.3,1682.7,1525.3,1643.7,1521.5,1386.3,1456.3
7846,7430.7,4047.5,2380.4,2089.2,1175.1,1046.9,1255.8,1081.8,864,592.01,576.48
8143,4551,1924.3,1448.4,1063.5,1005.5,845.74,789.26,900.91,662.24,712.9,708.84
10128,5768,2803.1,1722,1628.7,1348.8,1214.3,1013.3,869.4,781.76,710.28,682.98
9860.2,5925.4,2409.5,2004,1657.5,1232.1,1145.9,909.49,846.23,714.83,716.69,626.83
13630,6368.2,3051.3,1833.4,1929.1,1264.1,1333.2,911.53,1127.5,893.37,754.49,677.18
10011,5945.3,2560.3,1862.9,1638.2,1820.3,1671.9,856.19,836.83,714.69,1587.5,643.27
13975,8139.7,3556.4,2916,1732.6,1338.9,1263.3,1017.5,1047.3,817.03,866.14,818.57
17702,8568.4,3344.7,2779,2437.8,1991.7,1914.7,757.3,904.75,2102.6,1541.9,772.17
16530,9028.2,3557.1,2483,2199.7,1352,1285.9,831.07,1026.5,827.97,781.95,774.77
9547.6,5531.5,2688.7,2747.7,1444.4,1500.6,1579.8,800.41,816.21,638.2,582.92,574.73
11479,8774.5,3010.8,2420.7,2258.7,1008,1079.4,852.9,787.97,691.05,621.7,699.13
42549,44875,9593.7,7194.1,4593.5,3337.5,2369.9,2492.8,3364.9,2987.9,2058.9,1852
74990,39130,30379,5655.6,3627.6,2969.9,2175.4,2866.5,3246.8,2126.1,1693.5,2163.9
13452,5639.9,2272.6,2098,1396.8,972.26,1840.8,749.23,1337.5,1386.1,1271,624.32
33279,18754,7143.5,4278.1,3086.6,3101.7,1909.8,1835.8,2232.5,2353.6,1826.6,1846.9
10584,6235,2601.4,2094.1,1604.8,1112.9,1180,964.71,937.04,886.8,1602.9,625.82
8146.6,5859.1,2896.8,2277.8,2155.3,1887,1800.6,738.77,773.84,1398.6,580.08,605.32
11536,6394.4,2598,1948.3,1441.3,982.02,1594.8,683.5,638.46,573.68,1539,1186.6
51414,45988,11278,9887.8,6335.8,2935,2121.8,2665.9,2586,2619.4,2075.3,1912.5
17597,6198.3,3179.3,2402.8,1736.2,1859.6,2202,1186,1246.3,964.7,1907.5,1840.3
8463.3,4535.7,2299,2257.1,1529.8,1160.8,1116.1,945.93,1005.2,739.19,550.51,546.58
17464,5811,2787.6,2236,1871.8,2001.5,1344.5,758.09,869.83,1841.7,2258.2,702.04
48986,22600,10045,7808.9,4849.6,3980.7,2360.8,2403.2,2495.5,7862.2,3720.7,3888.8
12084,6098.2,2846.5,2361.6,1631,940.13,1826.7,1467.3,944.14,1055.7,855.85,674.55
25271,16161,6898.2,5889.1,4550.7,3660.4,3308.3,2336.9,1955.9,2171.3,3759.5,4154.8
48540,26502,36062,11302,9701.8,5909.2,3690.4,3760.9,4313.6,5262.2,4556.2,2933.3
57669,16811,5751.1,4675,7726.1,4119.5,2439.2,2092.6,1818.7,2442.8,2691,2113.8
8635.6,5791.9,6702.7,2668.4,1902.2,2002,1949.3,1420,1601.4,1516.7,680.14,738.54
15172,10420,4081.5,2744.7,1702.2,1318.3,1346.3,1058.7,1085.5,941.02,1615.9,777.84
54930,10915,3723.8,3152,4796.7,3017.4,2273.5,1977.2,1821,1922,4318.3,1788.4
10788,5412.8,2686.7,2613.6,2295,1216.9,1137.7,909.2,992.84,765.05,608.67,665.28
8156.1,5077,2507.3,1845.1,1449.6,932.58,1632.3,702.47,707.95,581.07,1459.8,890.12
4323.6,2420,1770.6,1034.9,589.13,729.46,653.34,690.37,773.11,615.77,568.13,616.71
9748.7,5610.6,2600.9,1798.9,1701.9,1300.5,1075.9,788.57,838.27,746.12,682.86,660.47
11267,7625.3,2745.9,2247.8,2240.4,1923.5,998.08,1745.3,1291.8,1847.8,1664.4,1450.4
9208.3,5348.6,2259,1639.4,2196.5,1939.6,1020.3,1850,877.4,1875.8,1918.8,1357.6
9592.1,6064.6,2832.3,2493.2,2230.3,1121.7,1121,1347.9,813.23,1330.7,664.19,576.98
11589,5976.5,3270.3,2516.1,2356.7,1897.8,1204.5,909.43,954.88,907.08,669.1,703.71
10775,4211.6,2677.1,2146.7,3054.9,4699.7,1904,1455.8,896.26,690.48,594.66,600.97
15226,7224.4,2951,2452.9,2239,1359.6,1413.4,1136.5,1061,887.25,834.72,1482.5
32874,8829.5,3455.1,2929.8,2251.3,2450.5,1796.3,1828.8,1547.2,1584.1,938.63,1675.2
11214,4608.5,2273.4,2375.6,1766.8,969.98,959.87,692.01,754.3,581.32,554.7,566.26
23780,6411.6,3794.9,5260.1,2861,1887.1,3952.4,2135.5,2079.5,2538.9,1960.9,1932.1
9677.6,6092.9,2330.3,2085.2,3559.2,1193.7,1660.1,1009.4,832.03,738.64,652.17,662.5
28531,39226,8191.5,6481.5,2845.8,2169.2,1995,1961.5,1844.6,2624.8,1959.5,1807
7656.4,6500.8,3892.2,2836.8,1789.2,1132.1,1167.6,878.61,879.27,554.65,648.29,622.27
15679,10060,6424.9,2880,1970.3,2518.1,1395.6,1180.1,1080.6,782.62,789.36,857.61
24431,10752,5869,2939,2083.4,2596.8,2474.9,2049.6,1686.3,2666.7,2475.7,3111.5
5198.6,3626.3,1521.9,1738.6,1005.6,853.9,871.59,691.34,768.67,679.04,688.51,620.53
12977,6902.9,3293.3,2677.2,1835.6,1353.9,1861.3,929.5,914.07,820.68,722.13,711.84
10129,4679.3,2671.3,2010.5,1782.1,1179.8,1238.9,989.98,892.74,965.35,900.4,894.86
14165,6953.7,2857.2,2104,1760.8,1200.5,1777.1,988.2,977.72,847.1,771.53,653.74
8624.4,4629.2,1911.4,1581.2,1377.6,1493.6,1434.9,713.78,795.36,687.95,621.13,563.32
26078,18004,9009.5,4844.7,2954.8,3001.4,2345.6,2718.9,2513.6,1894.1,1848,1792.7
13640,6154.3,3361.8,3616.7,2263.1,1871.5,1294,1137.5,939.89,1800.1,1758.4,1694.6
12071,7447.7,4097.7,2490.2,2273,1526.7,1140.4,895.4,865.58,833.59,752.74,717.68
19077,9526.9,4772.5,4455.8,3920.3,2480.1,2312.3,1754.7,1861.2,3361.6,1971.1,1847.8
3710.4,1796.2,1519.5,797.19,599.34,656.98,590.85,554.56,677.71,560.29,562.53,523.01
24565,11707,3772.2,7946.3,2931.8,2216.7,2059.8,1797.3,1009.1,2083,1956.5,1817.6
7461.3,4685.2,3784.8,2248,2006.5,1673,1633.4,784.54,776.23,668.82,798.96,722.88
7264,4441.6,3508.2,1356.6,1120.7,1872.7,836.61,798.32,858.71,749.7,768.88,698.4
22057,18648,5255.2,2614,2349.5,2009.2,1342.5,947.67,1657.6,1803.6,1848.6,3189
34277,9969.5,10801,3875.3,3997.5,2456.5,1965.3,1738,2321.6,1816.1,1685.2,1666.8
17592,6217.2,3174.8,1987.6,1713.3,1978.1,1870.5,1745.8,1698.3,1671.5,819.39,722.54
8106.5,6830.9,3470.2,2394,2109.3,1853.1,976.1,768.89,1608.1,802.36,694.95,738.92
3710.4,1796.2,1494.4,785.19,599.34,656.98,590.85,554.56,677.71,560.29,562.53,523.01
23876,9549.7,3606.5,2433.6,2302.5,1996.1,1254.6,1880.6,1585.6,759.22,1562.3,744.61
20150,8755.5,4029.8,3141.7,4802.2,2984.8,1545.1,1463,1150.2,803.37,800.47,729.01
11363,7533.2,5796.9,2493.8,2316,1287.9,1233.2,1001.7,1742.4,729.25,816.33,745.31
39504,69659,24092,16314,11616,8225.5,5405.3,5083.5,3505.4,3222.8,2234.3,1724.6
10268,6043.3,3326.7,2595.6,2294.6,1157.2,1181.8,882.01,886.91,701.93,639.6,614.37
20175,8852.3,4775.4,1893,2307.7,2068.6,1865.1,1188.5,1713,971.42,862.51,745.04
11581,5866.8,2428.6,2504,1853.9,1917.5,1868.3,1726.9,834.55,834.23,693.29,677.99
12642,9263.4,4759.1,2725.1,2442,1672.6,1736.7,1712,844.51,783.98,685.11,660.61
10586,6396.5,3361.3,5712,2330.4,1590,1073.1,1879.4,856.68,638.62,670.45,613.7
21045,11502,18675,6574.9,5607.4,4532.7,4443.1,3323.1,4788.2,3915.2,3880.3,3921.7
10981,6388.6,2441.4,1778.8,1696.5,1919.2,1853,869.44,1000,783.26,666.49,653.31
2.595e+05,1.5684e+05,34602,29001,17476,9641.7,6887.1,11938,6524,5884.2,5458.6,2747.5
12674,7845.7,3261.4,2535.5,1461.2,1177.3,1044.2,884.73,1500.3,849.53,813.1,782.05
12857,9641.6,3794.4,3913.7,2687.7,2908.4,1469.3,1574.6,825.42,951.5,623.62,606.3
12402,7524.9,5463.5,3509.3,2372.4,2379.7,2069.1,2255.3,1055.6,1067.2,1108.6,902.39
13949,6972.9,3284.6,2597.1,1978.5,1431.2,1502.6,1029.8,937.89,876.06,730.13,635.97
9105.3,4940.7,1957.7,2397,1338.4,967.16,1012.9,716.84,791.09,1429.8,576.57,628.85
16778,7867.3,3446.9,2761.9,2236.7,1626.4,1494.3,1562.5,1496.9,1713.3,1413.4,1510.6
8111.6,4768.4,3615.1,2283.6,2397.5,1222.4,1670.8,738,733.98,629.53,586.67,570.51
15891,16715,5308.8,3228.6,2419.1,2083.3,1913.4,1919.1,1825.5,1830.1,1835.9,1566
11721,7371.1,3273,2581.8,2282.1,1196.3,2012.4,1706.1,1626.1,1551.3,741.17,711.23
11694,5944.1,2462.1,1758.7,2067.1,1603.6,1613.9,2222.3,745.74,1432.8,630.86,1111.1
14219,4488.5,1806.1,1322.5,2007,835.57,981.02,803.03,835.07,787.71,817.72,1640.7
12159,6334.4,3049.6,2417.1,1573.7,1056.3,1478.6,947.66,734.16,1037.4,618.28,1732
17273,6979.7,3367.1,2738.3,2499.3,2091.9,1975.3,1054,1122.6,1680.4,741.82,678.43
13630,7816.8,3242,2658.6,1581.9,1971.7,1855.6,2227.8,1630,2249.2,1652.9,680.41
3342.3,2115.1,1254.1,1232.9,729.26,690.82,576.57,578.07,665.44,533.53,530.83,557.86
11340,6079,2532.3,2540,1949.1,1459.8,1277.5,900.04,997.48,695.13,691.01,610.21
30812,24445,15403,6836.6,4491.7,3258.2,2258.4,2354.1,3106.1,3375.8,3186.7,2083
13166,9047.1,3949.5,3013.2,2277,1352.6,1081.1,948.65,999.79,898.99,1498.1,763.63
95378,24308,10195,16784,35453,8392.8,4857.7,2337.7,1859.7,1270.6,1619.8,1385.3
12342,16974,5569.6,3295.1,2247.4,1961.8,1864.9,1932.4,1906.6,1747.8,1747,1612.5
8678.9,4080.1,2727.5,1649.7,1563.8,1899.6,1867.5,898.78,817.07,600.34,541.98,598.91
13791,7968.4,4517.5,3337.7,3032.9,1639.4,1642.4,703.41,983.62,2016.7,1583.1,971.44
16879,8760.6,2870.5,1817.7,1707.2,1256.6,1687.4,1926,895.72,768.21,1520.7,770.3
10125,5553.2,2799.3,2345.6,2324,1209.2,1187.9,1152.7,981.17,904.4,1560.7,665.98
55768,15350,4896.8,2471.5,2191.2,1993,1837,1895.2,1943.4,1837.9,2400.8,925.39
8099.9,5413.1,2280.1,1601.6,1457.3,1447.3,1833.4,788.34,775.02,629.01,588.59,625.08
10834,6792.9,2372.2,2235.3,1923.5,1273.6,1145.8,1025.2,894.85,870.32,763.65,726.14
9214.1,7664.2,2854.1,2330.9,2186.8,1044.4,977.96,896.57,877.96,1759,698.85,693.55
17714,11806,8057.7,2565.6,2510.8,1978,1907.7,1639.6,1358.6,1348.3,1246,1284.8
10757,5712.9,3038.2,2013.2,1932,1258.3,1152.9,945.76,1055.5,808.38,769.69,674.48
15608,12784,4993.7,2741.3,2516.8,1880.2,1950.4,1488.4,997.88,1400.4,860.63,767.87
7659.3,5842.3,3900.2,2653.5,1901.3,1084.9,1177.9,839.22,845.83,557.38,632.09,604.27
13936,7426.6,2892.3,2585.4,2333,1160.6,1334,1160.4,932.6,937.95,693.19,671.83
14627,7482.1,11416,3767.5,2949.8,2692.3,2130.8,2094.3,2737.1,1732.7,1631.6,1697.5
8645.2,11238,2948.5,2524.2,2283.6,1927.8,1900.2,1210.1,969.39,600.59,932.68,2041.2
35160,9406.3,5262.2,3226.2,4243.6,11263,2102.8,1838,1297,595.55,575.53,575.36
4522.7,5798.9,823.83,1411.5,1413,718.44,804.66,1142.3,714.38,694.14,1815.7,1194.6
23436,14474,6264.1,5161.2,3145.6,2993,1711.3,1897.2,869.65,1041.2,684.92,663.75
8720.7,4080.1,2718.2,1649.7,1563.8,1888.7,1854.6,898.78,817.07,600.34,541.98,598.91
17007,13117,6090.4,2806,2445.1,1930.9,1911.3,1613.9,1066.8,1148.5,870.19,921.7
15102,10447,7223.8,2534.4,2483.8,1948.4,1403.5,1042.4,1685.1,1662.9,2348.4,1562.9
14173,7307.3,3879.2,2950.8,2440,3449.4,1260.2,1114.5,903.61,843.84,793.12,651.23
20952,8010.9,3513.3,2562.6,1739.5,1982.7,1921.5,1790.9,1783.5,1050,895.04,826.45
27585,7625.7,3748.5,2635.1,2427.4,1978.5,1823.7,1772,1742.8,2277.7,1577.7,1681.1
10837,6823.6,2151.9,2152,2325,1237.3,1231.9,867.62,828.32,822.66,731.04,696.69
5741,10923,7914,5795.7,3993.4,3492.8,3298.5,2290.5,1743.1,2159,1266.4,1368.4
15764,11361,3892.8,2681.6,2424,2012.9,1212.2,1743.5,1014.1,961.55,842.08,845.02
42887,27811,7627,4417.9,3267.1,3441.3,1987,1972.2,2481.9,2573.1,2217,2068.4
8107.9,4520.6,2036.8,1993.9,1759.6,987.9,1053.1,756.77,727.47,642.65,649.6,609.37
52741,27573,8280.3,4757.8,2371.4,3789.2,3116,3332.6,2278.2,3052.2,3678.7,4689.2
10921,6117.1,3186.8,1951.1,1987.1,1290.1,1236.2,963.86,1002.9,822.57,674.16,628.26
3701.9,3468,3000.6,1704.6,1565.9,618,598.21,637.93,674.89,618.17,615.32,527.07
10957,7014.8,3288.8,2037.8,1701.5,1842.2,1280.2,850.11,919.26,734.45,784.36,690.72
9636.3,5337.9,2057.7,2050.2,2152,996.72,1106.6,760.08,813.39,629.56,594.58,582.38
17025,7547.5,3430.6,2488.5,2107.7,1375.6,1468.3,1096.6,1020.2,869.61,834.59,824.44
54304,16913,7602.7,6412.4,7697.6,4193.6,4014.4,3281.1,2343.1,2403.6,2436.6,1938.5
8624.6,4819.3,3113.2,1693.2,1478.1,1138.3,1161.2,1183.6,1052,634.77,584.2,554.91
10952,8683.6,3147.7,2130.5,2027.6,2314,5441.9,1888,1819.4,1353.4,1894,1952.8
16671,6072.3,2590.5,2175.9,2155.7,1928.9,1595.6,1443.1,825.7,674.23,619.11,1369.6
9176.7,10770,2801.7,2507.4,2284.1,1953,1880.2,975.47,1355.7,601.1,919.43,1693.8
40986,30477,7335,3937.8,3637.8,2113.4,1926.5,2487.4,1859.4,2221.4,2821.3,799.93
12868,7825.6,3492.6,2001.9,1810.7,1257.1,1235.1,888.3,944.99,904.78,1406.8,757.65
58936,17697,8007.7,9429.1,26779,5965.6,3844.1,2079.1,1754.1,1220.7,1337.6,793.37
16476,12923,16519,3574,3200.4,2125.1,1644.9,1074.4,2208.9,1577.8,2294.8,1879.7
8542.7,6032.8,1924.9,2563.2,1592,1082.1,1233.2,898.65,849.9,721.07,623.65,645.77
69198,63049,7085,6603,3673.5,2571.6,2411.5,4000.6,3781.6,3646.1,2543.2,1620.8
12184,5218.7,3370.3,2638.6,2811.7,2664.3,1664.1,1467.9,1780.1,979.92,629.35,623.1
11867,6289.4,2470.7,2240.7,1724.6,1320.1,1116.6,874.32,825.98,705.4,763.83,672.42
11677,6548.4,2887.9,2572.8,1465.8,1063.5,1173.8,947.02,1036.7,851.59,831.69,764.78
18521,9667.6,3417.3,2777.9,2407.6,1783.6,1471.4,1644,1806.8,1684.2,1635.9,1569.8
10126,3843,2311.9,1955.2,971.35,597.77,1709.5,1429.2,1355.2,1510.2,1177.1,1033.1
1.0081e+05,62690,22799,13363,7156.3,3232.7,6311.3,10084,7053.8,6556.3,4974.3,3179.5
8659,5338.3,2516.6,2628.5,1415.5,1308.4,1421.3,800.41,811.21,643.61,573.21,574.88
8158,4835.1,1996.3,1564.6,1633.7,1024.8,1853.3,760.32,769.54,760.36,595.17,552.44
10372,5097.3,2449.4,2377.9,1627,1297.1,1145.3,1799.9,878.45,762.63,684.28,704.73
14140,9696.1,3517.8,2619.9,2715,1892.2,1782.1,1697.7,883.47,862.61,755.69,720.16
9180.6,5822.5,2688.4,2565.2,1748.7,1080.9,1148.6,946.13,827.85,737.49,661.25,671.08
20829,7864,3360.4,2679.8,2434.2,1214.8,1833.6,1654.3,1649.9,802.67,844.46,601.9
16062,13878,6875.4,2913.2,2346.8,2367.6,1940.4,2026.4,1152.3,904.69,739.54,1078.7
18039,15099,3615.2,3133.2,4385.2,2318.6,2401.8,2593.9,1883.7,1897.1,1408,1793
6331,4909.2,2996.7,1521.3,1300.5,993.6,1010,765.31,810.54,1626,1426.8,669.8
14172,4886.8,2669.8,2481.1,1626.6,1044.7,1771.1,823.47,770.95,653.98,593.84,595.01
9114.3,6293.7,2589.5,1594.3,1993,663.65,682.38,636.81,788.67,655.31,1096.1,568.36
4124.2,8176.2,8344.8,2640.4,2190.7,1613.4,1583.3,929.43,1100,504.92,850.51,806.51
85805,20377,9273.6,14142,35551,7834.4,4329.9,2603.8,1865.6,1304.8,1702.7,1322.3
15683,8864,3467.9,2870.8,2504.5,1344.6,1418.5,1142.8,1051.5,849.6,870.08,795.89
2.7176e+05,33837,29838,27384,6587.7,6780,4067,4889.2,2813.9,4466.1,3987.7,4130.6
18344,10095,3642,2931.7,2603.7,2168,1257.4,1161.8,1730.1,1899.3,1741.9,1036.7
28416,14755,4879.4,2592.9,2264.9,2137.2,1995.9,1933.5,2408,1926.1,2155.2,623.53
13229,8922.3,8324.4,3217.3,3386.6,2051.6,1910.6,1047.2,1219,1381.7,1370.9,953.98
7855.5,5337.6,2073.9,1572.7,1450.7,1460.2,1809.4,760.34,775.02,633.61,588.59,625.08
5603.4,7435,2494.7,2322.4,2021.8,731.64,1647.1,748.92,801.74,1755.6,632.25,601.94
12060,6948.7,3127.6,2165.6,1548.1,1024.2,1138.2,916.86,1084.5,938.72,803.23,725.83
9304.3,4958.7,2230.8,1779.7,1696.2,1281.4,1104.1,908.04,956.65,828.15,1026.4,908.11
8989.1,5551,2436.5,1604.3,2174.1,963.06,974.24,771.66,760.59,649.89,562.64,562.07
20183,7570.2,4969,3189.3,2228.9,3454.7,2798.8,1862.3,2071.6,1902,1275.6,1063.9
10936,6199,3125.8,1888.1,2051,1333.3,1201.6,922.72,900.61,784.96,735.38,730.32
9104.6,16184,5133,5166.5,2721.6,1880.2,1814.4,1795.4,1613,1663.3,1653.5,1588.9
10791,6191.4,2150.5,1746,1177.5,871.06,917.36,828.27,831.81,798.25,667.13,655.35
12417,6044.2,2709.4,2663.9,1536.7,1935.8,1172.7,935.72,998.9,1656.5,1743,674.77
7204.2,10501,4542,4074.2,3520.4,1626.3,1718.8,1694.1,1775,831.23,738.98,636.28
16282,12834,5115.4,4152.7,2736.9,3708.6,2254.6,3306.3,1556.1,2295.4,2057.9,1498.5
9642.1,4558.2,2539.2,2181.9,1919.2,1278.3,1166.3,925.91,715.4,671.59,584.34,544.82
7339.7,4948.5,1520.3,1449.3,1993,1082.3,910.1,842.32,874.37,759.47,720.65,606.73
3237.3,2230.7,846.74,728.77,729.64,568.38,611.31,552.02,661.52,597.99,770.53,674.87
14674,8147.4,5872.3,2717.2,2401.1,2389.6,1729.2,1708.5,1656.8,1684.8,1682.8,1453.3
10145,5722,3138.5,2688.9,1872.9,1329.6,1273.2,980.77,956.72,868.57,790.12,697.74
13638,6460,3798.7,2604,1857.9,1240.9,1424.6,971.5,956.46,945.62,697.78,755.87
18209,6875.7,3385.7,2682.2,2364.5,3336.3,2046.5,1624.4,1596.1,1490.3,1479.6,1489.4
5031.2,2283.4,1554,1003.8,700.64,1919.4,622.85,624.77,728.84,631.97,587.76,561.6
12191,7240.6,2444.3,2132.7,2414.5,1427.7,1182.8,976.99,879.58,765.54,688.26,676.8
5766.6,4130.7,1127.5,905.67,945.98,793.54,1794.5,1496.8,668.9,658.86,584.07,594.39
45675,20063,14707,11905,7105.3,5675.3,4523,3690,3254.6,7865.3,5380.1,3928.8
8757.5,5560.3,2212.5,1626.4,1506.3,1073,1101.7,814.92,841.07,597.68,587.21,561.68
10295,6054.9,2251.6,1764.5,1146.8,915.18,997.25,855.42,860.31,715.51,738.38,675.76
7849.8,4593.2,2388.2,1732.6,1820.1,1394.7,1069.5,805.69,758.03,637.75,603.24,624.26
12989,7240.2,2442.3,1865.6,1843.2,1757,1288.2,1833.9,893.81,721.86,976.46,746.7
12523,7135.2,2797,2174.9,1589.4,1206.4,1059.8,945.23,987.4,909.13,791.51,737.38
8493.2,4829.8,1946.8,2385.4,1335.9,1000.2,999.22,716.84,788.03,1093.3,576.57,628.85
10784,4894.3,3243.5,1857.9,1705.6,1898.7,2269.8,950.22,837.83,567.85,1184.1,1094.6
10375,12840,3023.5,2340.5,2063.6,1877.1,1828.6,1732.9,1588.2,698.89,690.39,887.15
8442.5,6000.8,4354.1,2497.2,2072.7,1113.8,991.09,1250.8,1297,1162.1,547.85,559.35
14570,8362.8,2596.1,2561.4,1989.9,1975.4,3410.1,2200.7,2184.9,4882.3,1824.2,2316.7
15882,8334.3,3123.7,2914.7,2284.5,1425.5,1421.1,1108,1078.4,928.28,886.41,774.52
21322,9432.4,3036.4,2567.9,2212.4,2297.6,1711.5,860.2,902.91,1742.9,1604.2,639.51
26007,12007,19475,6357.4,11813,8106.1,4458.8,3797.6,5347.2,3047.3,1581.8,1311.5
15117,7630.1,3375.6,2653.3,1929.9,1362.9,1480.6,1035.7,1039.9,875.96,797.32,785.82
11907,6783.6,2841.2,2385.7,1426.3,1191.3,1183.2,990.86,1002.8,908.15,871.76,741.84
12181,5745.3,3583.6,1848.4,1777.2,1283.8,1828.6,951.04,903,791.75,730.22,752.82
20029,8511,3844,2573.7,1758.3,1967.5,1858,1737.2,1750.2,731.31,735.97,726.86
12995,5202.9,2737.8,2510.8,1612.6,1042.5,1758.1,856.44,805.91,653.98,608.91,609.54
11657,6361.2,5009.5,2744.2,2048.9,1732.6,2616.2,1973.2,2520.7,1563.6,3019.4,1619.7
7864.7,2927.6,1760.4,1237.2,1307.2,803.84,795.91,810.41,752.58,774.62,750.04,616.22
13316,7697.1,9678.2,3879,3138.8,2838.6,2119.3,2002,2615.8,1798.4,1681.3,1616
4521.1,3986.2,2527,2096.9,1371.4,729.64,739.69,614.62,669.11,572.91,643.75,614.13
10039,8861.8,2255.4,1948.9,1577.7,1178.7,1039.1,940.54,901.47,833.43,619.75,613.54
10667,6693.7,3517.2,2142.8,2192.8,1963.5,2231.4,1226.6,1097.2,651.12,1657.6,1640.9
34878,28024,10269,8099.1,4639.9,2739.9,2336.4,2790.5,2246.8,1911.1,2202.2,1582.2
32237,15888,11742,8816.1,6523.6,4655.6,3503.1,2532.5,2558.8,5097.4,3413.3,3012
10505,6081.4,3050.7,2037.2,1627.4,1213.6,1233.8,963.64,881.85,782.45,819.11,737.24
7405,4130.5,1906.6,1608.7,1361.5,944.34,1051.2,733.77,731.01,571.43,540.2,547.69
10993,5676.4,2505.6,1939.6,1787.2,1150.3,1066.7,1128.4,898.36,1493.7,721.64,657.64
8058.2,4517.8,2592.7,2330.5,1476.5,980.44,1462.2,688.61,698.23,554.65,756.08,540.72
10240,5367.3,2267.7,2143.8,1860.1,1557.9,1187.2,1026.1,762.92,603,545.41,830.61
16891,10375,3668.4,2596.7,2491.3,2047.1,1853.4,2942.5,1708.4,1789.1,1746.5,1644.8
10981,5466.7,2492,2164.4,2023.6,1815.8,1323.5,1168.7,762.92,597.59,545.41,897.4
15212,11321,3800.3,3457.9,2271.3,1342,1939.1,2661.4,832,1620.9,728.3,695.36
16591,6760.2,3058,2463,2311.6,2147.1,1627.9,1590.6,1477.3,805.1,646.95,1463.8
13405,2919,2455,3306.5,1964.1,1768.5,1826.3,1799.2,673.51,1137.4,554.77,1605.9
8898.3,4531.8,2182.6,2515,1546.5,1029.7,1026.8,858.09,776.45,702.45,561.76,569.01
12973,8896.5,14734,8451.1,3957.2,2771,2177.5,2349.9,2566.9,1314.7,1246.2,1223.8
31196,8713.2,4389,3014.5,1871.1,2033.4,1881.2,1721.1,1767.1,969.53,790.63,871.68
16696,7834.3,3061.2,2780.7,2177.3,1277.8,1406.6,1054.5,973.7,875.33,885.84,696
12456,6025,2663.7,2564,1745.5,1975.1,1160.1,891.38,989.09,739.99,778.77,716.81
8262.1,4728.9,2002.9,2170.3,2183.8,1015.8,1025.4,805.74,714.33,637.72,621.99,561.75
13521,7802.3,2736,2319.2,1939.1,1758.6,2221.9,748.44,803.54,606.16,581.05,610.43
20648,10924,18322,6284.9,5653.5,4391.6,4248.1,3115.3,4468.1,3406.3,3680.5,4028.3
10324,8666.1,3500.7,4273.9,5401.6,1633.1,934.92,982.83,851.21,862.96,686.2,758.09
9308.1,5379.4,2205,1656.1,2192.5,1942.8,1020.3,1856,877.4,1875.8,1918.8,1212
30072,22013,10269,5809,4337.9,2832.5,2234.7,2204.2,2653,2316.3,1973.3,1581.2
12668,7160.1,10712,3415.9,5494.5,4224.5,2040.7,1992.3,1700.8,762.05,547.58,555.62
8441.2,4769.5,2306.3,2453.4,1669.8,1336.8,1085.6,750.7,772.57,672.21,567.62,599.33
12347,6182,2576.4,2215.4,1661.7,1098,988.36,905.62,991.53,836.03,902.03,736.63
14029,7482.1,3324.9,2592.2,2034.7,1305.6,1458.8,1085,989.05,883.66,745.2,638.17
8189.3,5141.2,2923.6,2419.4,2136,1741.6,1699.1,842.02,820.7,590.44,532.91,559.41
12147,6692.6,2783.6,2427.9,1282.5,801.05,932.87,837.83,804.21,756.74,1217.5,630.83
7457,3915.3,1995.2,1668.3,1469.2,900.69,1027.7,732.04,693.13,583.74,637.2,558.04
4738.3,2414.9,1014,886.2,886.25,674.17,598.86,647.86,657.19,612.73,533.54,545.69
17638,11691,4131.8,4632.3,2761.8,2714.2,1890.2,1871.1,1784.9,4359,1830.1,2267.4
4.0428e+05,2.037e+05,46542,42960,28396,15421,12100,13270,7560.4,6665.1,5657.5,2972.3
13805,7909.1,3349.2,2520.2,1949.2,1160.6,1282.1,943.65,931.89,787.01,753.75,703.63
13094,8178.3,3750.6,2641.5,2328,1992.3,1660.4,2562,1809,1160.8,1816.6,2320.5
32871,15650,5522.1,4736.3,2148.4,2028.6,1926.7,838.94,1475.7,2392.8,731.96,740.75
14823,8130.9,3535,2988.9,2546.9,1564,1495.7,1060,1031.8,942.4,922.27,841.76
3227.3,2773.5,1274.9,1395,864.57,667.19,715.3,604.27,689.12,583.78,594.1,574.58
10242,6715.4,3054.2,3791.1,1760,1458.8,1623.4,1517.6,1208.7,1190.2,1278.1,1110
10363,4689.7,2196.4,2353.7,1939.4,970.54,964.15,694.01,767.49,581.32,554.7,566.26
8532,4814,2619.2,2323.9,1872.2,980.44,1118,687.64,685.69,554.38,1277.7,535.27
56139,19426,8835.7,8653.8,17706,6044.5,3532.1,2940.8,1760,1021.9,1242.1,825.08
10756,5431.5,3063.1,2049.3,1834.9,1433.8,1137.2,779.35,812.1,713.86,667.91,604.58
12134,6079.5,3201,2597,1749.8,1442.3,1155,909.49,937.37,820.6,633.65,704.88
10382,6116.5,3533.1,2662.1,1815.7,1102.6,1127.9,859.27,803.75,667.37,544.42,822.11
10279,8685.2,3499.5,4230.8,4695.4,1691.1,879.21,971.58,846.21,778.67,686.2,717.43
9970.5,5188.1,3010.4,1646.7,1574.4,1949.8,1797.7,832.72,1287.5,1213.9,646.78,1154.1
8342.2,4769.1,2371.7,2471.4,1857.2,1518.5,1102.4,754.03,772.57,671.51,567.44,599.33
4525.2,2201.4,1679.7,883.89,739.2,662.47,644.23,606.26,665.93,517.49,556.48,581.63
12172,5599.6,2139.5,1974.7,1725.1,1276.2,1232.1,918.79,817.2,868.26,663.4,624.96
12117,7821.2,7755.2,3758.3,2931.7,3279.4,2483.2,1997.3,2252.6,1984.8,1422.4,791.91
17612,7169,5370.2,5498,2684.3,2045.4,2062.6,1305.8,1268.2,1691.1,826.14,1474.6
14059,7323,4703.1,9911.6,3463,3199.6,2315.4,2034.4,1915.6,1712.3,534.37,550.55
8656.2,3856.4,2130.4,1600.1,1333.7,1018.8,1037.5,880.4,767.79,615.05,564.74,571.45
11435,7563.1,3284.1,3136.5,1708.5,1115.5,1313.3,1010,1000.6,915.87,780.64,719.59
5396.2,3563.9,1489.1,1149,916.76,934.9,705.06,822.53,729.19,676.77,638.87,656.94
6212.4,4214.7,2620.7,2023.4,1304.1,812.46,824.2,693.3,824.31,626.4,657.38,596.56
15161,10209,11121,3694.7,3533.9,2318.4,1696.2,1582.9,1436,1645.2,739.98,636.82
10853,5993.7,3497,1984.4,1587,1179.1,1170.8,882.6,867.22,730.03,697.35,693.27
41763,28294,7931,6670.1,9534,2259.2,3125,8298,2430.6,3032.4,4601.6,6234.4
8759.8,5056.8,2111.1,1562.3,1539.2,1082.7,1875.2,760.32,766.98,766.5,590.89,553.17
10224,6097.9,2518.4,2511.7,1892.5,1144.3,1141.8,914.76,992.34,697.7,733.49,596.19
73595,17191,6845.4,5967.9,3147.1,2686.2,2307,1954.6,3500.9,3216.6,1938.3,2377.6
11521,7299.8,3935.5,2897,2706.5,2871.4,2592.9,3458,2300,2329.6,1487,1303.6
7405,4130.5,1906.6,1608.7,1361.5,944.34,1051.2,733.77,731.01,571.43,540.2,547.69
13805,7909.1,3273.3,2520.2,1949.2,1160.6,1282.1,937.65,931.89,787.81,753.75,693.97
14431,7592,3148.1,2365,1881.1,1188.6,1123.1,867.29,925.13,1095.3,1345.9,560.59
31433,13315,4033.6,8142.4,3363.5,2424.8,1851.3,1835.6,1326.7,2038.7,1969.6,1931.9
10286,5314.5,2428.2,2004,1809.5,1315.5,1153.1,979.84,913.92,800.53,594.5,635.8
17465,9427,12932,4852.2,4022.6,3132.2,2501.9,2332.8,3062,2024.1,2040.4,1844.5
10785,6447.1,2283.3,2121.6,1895,1903.2,579.6,677.56,1242.1,1814.8,587.8,568.12
22650,11975,6396.7,7803.5,2411.8,2052.6,1837.2,1834.8,1743.5,1875.6,1829.7,1614
13217,7334.1,12359,3466,5760.1,4300.5,2153.8,2033.7,1806.1,915.27,547.58,555.62
1.7914e+05,91228,31748,11722,7727.6,6578.2,5996.4,5985.3,12299,7186.4,7352.9,6079.8
43016,13893,5484.8,6056.7,2671.9,2108.4,1946.1,1871.8,1013.8,1078.3,2126.9,1822.2
16573,8777.7,3677.1,2851.1,2122.8,1326.7,1434.4,1101.9,1063.3,987.14,818.92,802.73
10688,7441,5473,2624.4,2317.3,1912.2,1717.7,1753.4,1095.1,1160.8,961.43,792.79
12699,7145.6,2679.1,2051.6,1420,1221.3,1069,971.19,1000.8,901.76,857.46,753.47
9918,7799.5,3122.2,2701,2280.9,1171.3,1454.8,886.87,893.35,1787.7,679.29,661.91
37492,20907,29927,9696.4,8729.9,5114.7,3435.1,2594.7,3231.8,3875.9,3649.2,2535.2
10935,5757.2,2287.8,1658.7,1770,1277.9,1330.9,1951,734.6,1142.6,604.29,1282.6
10944,8733.7,3383.8,1888.3,2266.4,1301.2,1187.5,1694.4,947.91,836.06,724.31,651.69
4598.2,3518.6,1116.7,756.72,777.42,642.51,675.76,592.77,758.47,598.18,592.44,549.25
8824.2,4772.2,2477.8,1586.4,1548.5,981.69,1011,819.34,852.42,626.6,624.14,566.44
4948.4,6203.6,1216.9,742.3,665.14,813.91,590.07,624.3,721.14,546.02,550.27,530.45
7604.7,5084.8,2810.2,2248.8,1470.2,1110.3,957.74,697.74,762.97,613.58,575.12,597.76
14544,6337.7,3476.3,3113.8,2442.9,1958,1203.7,2167.8,995.41,899.12,1736.3,1608.1
13389,6925.7,3479.1,2852.5,2434.2,1871.4,1771.7,1494.1,1081.9,1806.3,1578.5,1431.2
5685.9,4981.7,2725,2063.8,1383.9,1238.9,1623.6,1067.2,980.45,941.96,627.95,766.84
12135,5708.3,2964.1,1355.7,1437.9,987.84,1844.2,1758.9,955.35,763.28,738.41,632.01
9128.5,5890.1,3368,2427.6,1690.9,1132.6,1113.9,859.93,780.42,635.27,544.42,780.11
9290.8,5083.5,2434.4,1801,1447.5,932.58,1464,702.47,707.95,572.99,1329.9,903.41
9583.2,6112.3,2894.4,2469.2,1777.6,1309.3,1157.7,884.24,845.09,799.05,701.39,645.15
14137,4858.3,3741,3105.3,3006.7,2881.1,4182.5,1957.3,2204.4,1982.9,841.8,663.56
19272,5617.3,6253.5,15335,4277.1,3601.7,2313.1,2263.6,2007.3,1861.6,515.07,574.81
17144,7800.4,7931.1,4237.8,2409,2065.7,1932.6,1706.5,1169.1,1042,1781,1895.9
3235.3,2218.7,852.74,728.77,739.39,568.38,611.31,552.02,661.52,609.99,785.86,709.87
8460.2,4979.2,2104.6,1762.8,1452.3,960.19,1056.8,727.49,773.3,601.26,644.76,588.25
7837.8,4483.4,2401.9,1729.6,1921.4,1416.4,1069.5,805.69,758.03,637.75,603.24,624.26
10998,5020.2,2773.6,1889.3,1444.7,995.18,1044.2,793,777.21,610.14,1797.4,1782.1
12339,5301.4,2953.2,2223.9,1630.2,1067.3,1044.4,870.15,797.8,674.63,1813.3,1835
63403,11147,4910.3,4075.9,2353.6,2511,2188,1890,1755.1,4208.4,1801.5,2215.1
8886.5,4713.1,2504.1,2274.3,1616.2,1329.1,1363.4,1098.7,1284.9,1060.4,550.51,613.96
12175,5553.9,3236.5,2480.2,2826.3,1591.7,1412.4,980.69,856.54,1922.8,824.1,647.34
15448,7859.6,3658.3,2824.4,2084.5,1532.3,1439,1394.5,1377.1,1678.5,1310.8,1215.5
9868.6,5351.2,3170.1,1872.6,1621.3,1350.2,1230.8,1052.6,818.05,869.73,676.2,727.02
5047.9,2326.4,1554,1003.8,700.64,1964.8,622.85,624.77,728.84,631.97,587.76,561.6
8209.2,4886.7,3868.1,2332,2534.1,1392.4,1659.3,738,744.79,624.12,586.67,570.51
37659,10874,9091.8,4268.4,2816.8,2669.6,1952.3,1842.6,1878.5,1917.6,1599,1690.3
18104,10725,6051.9,3946.2,3636.7,2893.6,2728.4,1949.5,1782.9,2048.7,2753.1,2990.9
8505.3,5841,3637.4,2468.9,2839.1,1269.2,1484.6,730.29,770.17,650.42,699.67,586.56
47246,19150,4786.4,3157.7,2449.5,2633.6,2002.1,1942.3,2076.4,2209.8,3194.9,1334
19290,13145,15725,16120,5402.5,4652.2,3876.1,3184.4,2692.7,3046.9,2929.2,1802.7
1.4641e+05,59758,24697,10138,7671.5,5975.7,6048.1,4762.1,12299,6054.3,6882.5,5493.4
27770,14145,5277.7,5053.6,2975.6,2260,4304.1,2074.4,2343.4,2372.5,2280.9,2105.4
9833.8,6200.4,3524,2165.9,1944.8,1946.5,2238.6,1190.5,1189.9,562.17,1487.2,1527
10361,5121.1,2949.1,1736.8,1890,1504.9,1126.5,779.35,799.77,700.83,662.52,644.59
11684,8689.9,3964,2606.4,2598.3,2006,1537.2,1268.7,1093.5,929.05,793.19,725.84
20510,9539.6,5075.7,3815.9,3657,1943.1,1730.4,723.27,1125.1,2203.7,1730.1,887.7
12660,6770,2785.3,2559.9,1294.5,801.05,940.57,837.83,804.21,756.74,1202.1,628.05
15726,12168,8432.4,2674.3,2692,1997.1,2079.4,1244.4,1423.6,1271.5,878.1,813.24
40855,67032,23645,20192,9580.1,7499.7,4267.8,5109.5,5266.8,3395.7,2188.5,4757.9
44836,7922.1,3807,2508.5,2737.7,1791.5,1809.5,857.08,2030.4,2355.8,1639.5,1559
96715,35387,13652,26444,45605,11197,8506,2973.6,1905.3,1054,1822.3,1181.2
12752,7162.6,2895.6,2387.2,2635.9,1957,1665.1,1589.3,1652.6,709.86,797.27,711.1
15265,12370,4775.1,4042.4,2753.8,1851.7,1830,1641.9,992.69,941.95,859.24,688.34
9723.6,5859.9,3393.1,2087.9,3620.5,2242.6,1065.5,931.76,788.69,2129.9,750.51,596.68
6810.6,7089.7,2034,1905.2,1406.5,1001.5,1318.2,1866.7,1575.9,1328.1,1935.6,1863.1
5662.9,4437,1609.3,950.11,813.42,935.85,778.47,752.39,876.97,1403.9,632.47,607.8
18887,9727.3,12587,4912.7,3817.5,3100.1,3545,1774.5,2453.7,1767.1,1874.9,1968.3
8927.3,6412.4,3218.8,2403,2178.7,1198.5,1171.7,952.49,861.17,607.36,536.92,685.9
12003,9021.7,12863,2935.9,2349.8,2029,2021,1564.7,1820.1,1121.2,1870.8,1732.2
12690,6583.6,2999.2,2413.1,1563.7,1068.3,1479.3,947.66,733.27,953.76,634.85,1790
13461,7308.6,3120.8,2497.2,2577.6,1755,1446.4,1216.4,923,817.04,699.3,639.56
22639,7210.5,6825.2,6209,2327.5,2355.7,2099.6,1795.7,2130.3,1944.4,2265.5,1661
15163,9233.9,13272,3867.9,7569,5526.5,3144.7,2886.7,2946.4,2273.5,1157.6,877.29
17038,6264.2,2745.7,2099.3,1493.5,1161.7,1216.5,807.89,1492.7,2126.2,1208.8,1463.2
12120,6888.3,3302.2,2619.8,1931.5,1377.9,1166.2,1722.1,941.7,734.93,702.03,724.49
10129,5464.7,3128.1,1812.4,1621.6,1185.9,1189.8,1462.4,889.76,723.67,640.7,635.1
20182,19841,5509,3238.7,2508.1,2056.8,1929.9,1940.8,1862.7,1811.6,1900.6,1222.9
15028,7390.3,4114.5,2768.8,2138.6,1339.7,1400.6,1172.4,1581,902.86,860.73,738.43
27373,14220,4156.5,2656.2,2338.5,2162.1,1984.4,1919.3,2412,1884.1,2153.2,647.69
36416,9164.6,5929.5,4104.5,2866.9,2218.7,1807,1320.7,1271.4,1060.3,1389.7,1288.9
17593,8011.8,3770.7,3057.6,2172.2,1577.3,1753.5,1041.1,1057.3,949.78,889.69,841.53
43596,36741,7688.4,5479.7,4434.1,2242.3,2082.7,2435.2,1976.9,2075.9,2948.6,843.04
7545.7,5076.7,2860.5,1866,1405.1,1084.9,1059.5,766.58,1892.8,1019.9,1665.3,565.92
11651,4709.1,1859.7,1604.6,1423.9,1430.7,2238.4,753.4,1274.8,654.96,1812.9,618.44
13359,4971.9,3320.9,2528.2,2352.8,1427.8,1088.3,822.78,1737.8,1802.6,614.47,669.54
15326,6952.4,2974,2362.5,2226.5,1878.7,1523.1,1155.7,1759.9,1749.8,1791.6,2611.6
